"AGREE(back,nonlocal)"	"AGREE(front,local)"	"AGREE(nonhigh_front,local)"	"AGREE(low_front,local)"	"AGREE(double_front,local)"	"USE_FRONT/bilabial__"	"USE_FRONT/[+cor,+son]__"	"USE_FRONT/sibilant__"	"USE_FRONT/CC__"	"USE_BACK/[C0i:C0]__"
3.38311890081975	1.0876933882724	0.936036815207903	1.83827837449429	2.62418959464908	1.59320472553195	0.63931667107049	0.759962933397935	0.966830046956681	1.47643153830993
3.44476521138819	0.989033315928495	0.873183574348405	2.10761500332298	2.50675006780361	1.70364779206037	0.647289748101097	0.821069830678497	1.21677160036085	2.1874097984435
3.5885588110129	1.16379500207072	0.875338956111774	2.18071306357567	3.19582546908094	1.87427050328768	0.213798851384256	0.434678684545806	1.24425382846874	0.843051943682827
3.32318705193152	1.17666153058402	0.808782220547349	2.0856772501834	2.43527989476657	1.82411824062959	0.306086470133135	0.617817723483367	1.0996408048034	2.20693776768374
3.50904970558256	0.997535899070151	0.990578050315742	1.91977736304857	2.91288253104221	1.60519404960768	0.75147255444739	0.752633526890112	1.07405836222536	1.85244747663707
3.39404069568639	0.58266569662701	1.23606078760517	1.81803852271388	2.97668484856583	1.63531544873118	1.13776566227119	0.802946221758086	1.30255353331886	1.61320515154652
3.55269458197577	1.39212817763501	0.861392765519409	2.04904799789957	2.38515358105037	1.34054573885903	0.394033929821798	0	1.34419610215047	1.68793339567942
3.37419656115107	0.789364178058343	1.00059113944565	2.00494887241689	2.89257968581086	1.66075858415193	0.852626427628031	0.859594742527494	1.19191101053805	1.75461394023418
3.24149742882443	0.699471712531103	1.23044744767199	1.73010890013999	2.53950891280643	1.48150714717789	0.759821058987909	0.524391086565231	1.31491199335435	1.12467740365396
3.51161231199148	1.07793412094571	0.985469804928462	2.06839766823751	2.79628401155497	1.74692438673169	0.639996677987657	1.11754024002286	1.1896064071333	1.54382423032939
3.40161858442883	0.952838611945037	0.845806899147047	2.05508323608039	2.810242635456	1.73085426212291	0.771885102900573	0.465444338506564	1.21104402541515	0.718208784455431
4.0167674148381	1.48979466134811	1.21877112335827	1.53120017221914	2.46320644734809	1.6771371535872	0.894159298777163	0.730300991703928	1.0423039433006	2.08878172539002
3.44083770288778	1.13908680857778	0.675196340369218	2.48725247237457	2.57850220898239	1.57712260895863	0.773625914630977	0.307715615089077	1.10642586464319	1.70464474730593
3.65641857009308	0.846496368066995	1.20124897015193	1.80559179960116	2.90796063693461	1.91271340778279	1.00758842552771	0.596351417749069	1.18759307117331	1.63620142868628
3.88811204110559	1.1167754109564	1.00410144301721	2.38828900028633	2.71907987293776	1.97340496741745	0.636511611506585	0.621416069798301	1.2514026363512	1.8812639430296
4.05790741948672	1.32421596266395	1.04035668387785	2.07899165610114	2.53847748547155	1.53449138710617	0.950683588332871	0.938937262380005	1.23745909802177	1.28083010744261
3.63344035340681	0.940162790211684	1.18301643966211	1.84622982324286	2.71134694419489	2.19275011464557	0.976219478848164	0.652667263300961	1.200012643746	1.02112383562841
4.21760933368814	1.59552679799928	1.09504711606745	2.03252200766682	3.04306188150286	1.62783266436826	0.671268875375385	0.551796401631079	1.35274493816877	1.89823499280234
4.02800157622229	1.38009501516951	1.0729339192892	2.40884834678308	2.42195463235537	1.66009215909402	0.800525102849509	0.666691116563686	1.19741014975489	1.38903552641116
4.20752879804194	1.75692401633604	0.896012953975275	1.89292553341678	2.88714703822962	1.82251988835832	0.864500762614665	0.873919676367671	0.9981658635562	2.54502989193441
3.41337640232501	1.05732386545495	0.80635432641208	2.00282235555103	3.09112654728876	1.95816171849427	0.730543282025887	0.574124331173865	0.999160154874746	0.630054451221607
3.34616973995542	0.955664083279635	0.773298648500706	2.21268847543766	2.24089129073456	1.84544810080388	0.876366259457218	0.52820281749049	1.10977143774303	1.23043841083244
4.12235562089961	1.74945311558312	1.07698091591991	1.86408691341415	2.45368438268579	1.52444924398863	0.998949607014882	0.511982645595843	1.07055524607641	2.27265719389507
3.946865665446	1.05894005508013	1.13490460300239	2.04234618214204	3.20303725966695	2.01966766014948	1.24067531999427	0.74208819466372	1.31322354619027	2.14450449742042
3.43728011530423	1.18734369641826	0.990626174745831	1.90850319236659	2.50446776616404	1.19071410539054	0.606748189308146	0.304474581607969	1.06443816785748	1.91482004010936
3.22330108080243	0.80765150557254	1.16810956804826	1.70852186816273	2.91941513156389	1.56665555979644	0.510993247347747	0.344103959971398	1.19553474074125	0.794903801342756
3.17340199599536	0.958840777958551	0.913929121185216	1.81116695734755	2.96685408066791	1.59216832805382	0.385639562312598	0.629470659448363	1.04424498086226	1.68830434460599
3.53976928184635	0.981015130224453	0.958683640673296	2.11175438736622	2.44803760546487	1.64748013104751	0.94171049308236	0.641706074227919	1.25929347591092	1.18161683247876
3.59159545195928	1.46879220974209	0.785990614385673	2.04781826130909	3.05677358258433	1.45764072997262	0.270435759699573	0.374059025656951	1.09983046238078	1.53420139260669
3.68365541512428	1.4132552539188	0.966978100421982	1.93580857476666	2.73718491140037	1.60174174371353	0.435763018309714	0.531577186877509	0.968041663964891	1.23287046705016
3.1116502103875	0.613475900658095	1.08119996666734	1.99430324731539	3.13732806871948	1.59293617900493	0.599436103680934	0.514308966304758	1.06113349668642	0.792792805876542
3.89267460421133	1.55025211007891	0.738122899714328	2.15313564008673	3.03555682489153	1.56432954022448	0.839908802541409	0.594416677350035	0.726073991742927	1.95803694477127
3.81727912443046	1.54460369572196	1.00457901793956	1.8623784509943	2.73783860371656	1.92883787963493	0.499788942959254	0.1411514585546	1.22935703128523	2.22488446467839
3.46716247544877	0.952240442732552	0.986242126806475	2.15817071530309	3.04022026439163	1.66494579784893	0.651110530606936	0.487921022554666	1.0665912994681	0.989365019435768
3.50862173468831	1.06243025969037	1.24468457883645	1.71421594233819	2.6236512650165	1.56895935080526	0.52484504197638	0.616551506329678	1.27436695974517	1.48004336391744
3.60380426853618	1.15603617489712	1.03896697397761	2.08631784876862	3.06814759948	1.57266811094015	0.549412480280779	0.505643889466763	0.985022833475561	1.43852958812874
3.42188625113014	1.17747171354458	1.01906702841799	1.95552678814994	2.53303301342731	1.42124869200912	0.487846765906967	0.425557803834923	1.13373152928033	1.8597786740333
3.53683973946642	0.965006725320989	1.13980301030354	1.93527229609589	2.8606927557059	1.54533135238651	0.598627045122569	0.613217858717369	1.21504103490333	1.91859850532565
3.48246157652748	1.21608794988041	0.897222925800776	2.30285755468163	2.50748932366743	1.37123623030191	0.702200777768353	0.523945118902591	0.882840405185654	1.60654381002407
3.99459884217036	1.28688133654604	1.11202832078787	2.01347701947118	2.89427506590632	1.77704644022052	0.665553540989532	0.875591223856198	1.50312156430803	2.07285162555029
3.65153251335237	0.833989903571938	1.18515070570323	2.03522311315405	3.20386195965217	2.00547884964739	0.803111357319834	1.10212615748057	1.34130363658289	1.84641041393127
3.71365173519788	1.41939559784824	0.65880494418437	2.25142040057143	2.95436125395022	1.36052009933294	0.84774063458713	0.433627730688851	0.962015666996768	1.96131967277881
3.9050418067551	1.41695894578518	0.870199003819712	2.22229847545834	2.52296936491656	1.5852127046035	0.635162157260988	0.74360282841831	1.19407900958099	1.87688917150381
3.8666591798574	1.62738473887323	0.747861826503535	2.10642948621146	2.66469509234668	1.79099063957807	0.786580970835983	0.517104381747748	0.979028431595443	1.68246649689136
3.41036254421873	0.956937547757008	0.893765801700627	1.99137586730699	2.94894459498409	1.49397009997666	0.599373209969959	0.447401530168771	1.37368208006386	1.19815956643986
3.64333772729814	1.34443281172286	0.688891628171402	2.36289310448042	2.63226806143114	1.80620933425279	0.667515415429957	0.631779027827924	0.95655362207988	1.71198096370291
3.73752079531638	0.964622879291392	1.05300708426398	1.89677772427385	2.631403069536	1.68811269392646	1.04549862204003	0.718785802642982	1.31159367313661	1.82117609159509
3.57904732084966	1.12407456497218	1.03927003984579	2.11896357622921	2.73345252312664	1.75118436376992	0.361893677292666	0.714016297012424	1.24006605539851	1.84096487336306
3.27283428993387	0.776752611703269	0.919058125489884	1.58264110424029	2.51293043140792	1.7167850834238	0.82269307417459	0.792366012175277	1.40164740520983	1.22181011802639
4.62429111336916	1.61675033430565	0.968240409687415	2.15653540852822	3.01628203343799	2.25197755078428	1.18142675245548	0.975585354969629	1.32466866774676	2.52903377754671
3.76135535454073	0.945061680701882	1.07361046381602	1.88525910530471	2.82770119300962	1.8797683024553	0.700808838720131	0.681639052157215	1.62310786679758	2.15052358703419
3.80327127969542	1.21229362080785	0.877022530371731	2.2590145364974	2.58322398094502	1.76344633081218	0.899170750283938	0.729260485585312	1.39127857860692	1.7993587259583
3.66709112159632	1.3602128892194	0.69299048785741	2.06211113928772	2.69120740549465	1.61572643303894	0.892110730844038	0.664906345570914	1.06756782238285	2.60289116266435
4.01747043618618	1.8413128847299	0.675192631531482	2.17422669319457	2.03936059192877	1.36052221648423	0.613252584518444	0.317174843390609	1.06228909881634	1.92035256501235
3.43874784066417	0.846981831378378	0.98798976555656	1.91342670421224	3.14029691091079	1.52929169580098	0.871118601931704	0.599665500619354	1.2820811621961	1.16701741670084
4.10142501203647	1.35835062860309	1.12735475759554	2.16292815363068	2.80408938723893	1.70120543050856	0.993214718261271	0.704206073532345	1.07976903671213	1.98021311581308
3.78200948265466	1.46384019404385	1.07398198773646	1.71174239586261	2.69210513515826	1.60266998306236	0.644964070521024	0.385928797782829	1.5088838323199	1.05334716710996
3.58341372690434	0.836807656079832	1.26294863895874	1.97987184326861	2.4705797536516	2.03634550307964	0.599468620780707	0.770760100414752	1.44126333480609	0.957330831871575
2.83263092158256	0.553083848104226	0.899888154547806	1.86813217140846	2.45247141651967	1.67831241297369	0.901659501528118	0.803862299842675	1.09689060915426	1.20092359234629
3.67592455968236	1.0444685661337	0.984045505352723	2.08821535047281	2.48419272452787	1.66088521293028	0.797265139344486	0.764922185945887	1.21778479625335	1.25723660687636
3.90454616428344	1.10486855160547	1.20229366461721	2.12861579024123	3.26047473946991	1.62904113718162	0.718673630683296	0.728524945352858	1.26523655940308	1.3013747509515
3.47808519029175	0.852793756704672	0.919327854393456	2.05734364335602	2.23930467521565	1.86696674828503	0.908443164393437	0.842346512614744	1.36780900972082	1.18152000101263
3.6375232623253	1.14561028767706	1.13214984115299	2.07397779676492	2.59997543682301	1.73767247310474	0.45589316533967	0.380084469397991	1.24607964936865	1.47172988699853
3.60061665152607	1.23311948038727	0.658322380185564	2.04362326907464	2.83371617304337	1.62891544057038	0.726479665842018	0.645941528303998	1.49133168127987	2.2023653580102
3.63614639219216	1.31073875862924	0.84832301766841	1.97068306306796	2.47925993664647	1.65281866947727	0.469577040862342	0.604980337651504	1.14376883618318	1.53534107676609
3.59945582516991	1.13316596770291	1.29408567349751	1.65969826415282	2.86418007020611	1.34388276310104	0.468479523672021	0.715983440196524	1.25569034803538	1.68165246544004
3.63135964948016	0.93533554766117	1.12781460693944	2.17608112995295	2.78395702282832	1.78392839314529	0.793166909795885	0.595417624233421	1.26509114530434	1.55830114912022
3.64977952073158	1.21613267775008	1.17282372978683	1.62676785773586	2.72384179157962	1.4575822609953	0.777618242532778	0.463922095437783	1.06432523948478	1.53464752049834
3.81705697965171	1.03158470370699	1.03354650268434	2.0567722659827	2.779723981405	2.05730810544225	0.812993096124824	0.911523542079176	1.19240265618951	1.49120640774516
3.3095061010533	0.907746467166898	0.808489298911085	2.1279516387839	2.5787741061436	1.78565621765579	0.648296514352044	0.532625897655329	1.24241797903249	2.29459661757911
3.54643783085388	1.06282233035801	0.784346121373968	2.21037850770219	3.13750840928985	1.71900710141668	0.823565024036916	0.84585810416731	1.32535991983339	1.65433348075402
3.78144174474455	1.05249014406165	1.00904431063029	2.06200656330637	2.7320093727702	1.9444864162897	0.648978231952869	0.663938947547305	1.27801907297283	1.25063341680053
3.76206995157127	1.58258840196074	1.1033189042528	1.71886453939365	2.52501807481529	1.41561476423422	0.593624836197307	0.203718737938186	0.997008642848912	1.88025139184149
3.43347567741978	1.24943173988748	0.732452795389541	1.92178151697582	2.81387810047573	1.44065214661858	0.667038006001097	0.681320560711532	0.990116876649426	2.00648314503004
3.59838376664447	1.08621129688111	1.07186337033994	1.7794920019632	2.68187277262271	1.68687433391395	0.852087141974448	0.60876168480371	1.35445777812591	2.02244182046799
3.70485169824988	1.34754938418722	0.843037875642279	2.20133827335986	2.78415005122879	1.51868017441827	0.545234777917516	0.203244048833928	1.0803535810103	1.8163263278552
3.71960861678994	1.11111395915065	1.21278554846371	1.83699666713377	2.86384665190377	1.51980304320796	0.77111789303413	0.402612155940507	1.35624706473007	1.93191870799909
3.42296701467733	1.16169225170511	0.982139744448912	1.97309126382298	2.73412436347356	1.30989369658629	0.621576812423417	0.219143527171828	1.168414960416	1.51660569412408
3.2789332998351	0.682152273759159	1.18445581590781	1.80981957633985	2.59537784091051	1.57143273231677	0.897088674445845	0.603373692634693	1.05715711308013	1.22527313738981
3.55597052040427	1.16377212784308	1.39190194547758	1.69632639374977	2.75926123964757	1.12267391073374	0.552962099397802	0.568261589064774	1.14399419582322	1.99819695625994
3.3836521977733	0.871127157275265	1.22119693582833	1.82028334735813	2.49716555587117	1.56902020262569	0.927763454261969	0.612691094825237	1.21256660627193	2.01966906062199
3.09740025156106	1.19063399257099	0.750716967126321	1.87497687712297	2.62368974572092	1.46262176047916	0.384290287244828	0.193211794619178	1.24861670461768	1.54295765003515
3.87844557796745	1.31968656474778	0.947485610292743	1.93687007468717	2.65982666651798	1.7314184498145	0.854571337409954	0.551565790482091	1.18232617562445	1.45747828068704
3.67141825953812	0.938244063432713	1.2351335101521	1.95822043620023	3.13677332170167	1.5578669789027	1.0452378335822	0.776286600864964	1.13258744838926	1.59519951533605
3.59282688370418	1.15363634068329	1.06521439382601	1.86097161723216	2.75855576430902	1.27386406937913	0.609987718753703	0.356213781320058	1.44105314019911	1.35295178985813
3.59702079632848	1.35003062401102	0.806706570560938	2.29566609610676	2.62580909387798	1.57171617809179	0.441587039787072	0.367674841856526	1.01588143445732	2.10986579607702
3.95145889718688	1.60838029209428	0.928150205616303	1.90929574820886	2.41093259124204	1.53603985648584	0.613985759012468	0.443449576953309	1.08737481149616	2.45068320196946
3.30287271801481	1.09005206040414	1.37826262956989	1.7402559185873	2.60874036182213	1.10544901858575	0.0940312632579824	0.396936509658574	1.12148612483272	1.63888943912731
3.9804112988193	1.48300086044292	1.10735726091688	2.01258645706021	2.94014656789243	1.60467699597717	0.658102805870324	0.291927600582113	1.05528913245569	2.00715606058756
3.44423000237937	0.940352686729776	0.91763261443299	2.20651666609567	2.97324946437462	1.45461405364949	0.630279062048365	0.760983272033458	1.24302885316596	1.10637731429837
3.59497260346981	1.25095703967082	0.807503543342841	2.16653491097311	2.90119796050942	1.47525425852914	0.437446404341055	0.347606923615785	1.23070909911749	1.66682471307252
4.01612099655054	1.74079205980046	0.887459831323271	1.85295444561852	2.48188750234214	1.49223471029637	0.560847029015469	0.330512969298286	1.16793538311583	1.86593218360903
3.63434377327864	1.07753996430498	1.28277101571466	2.15672687148888	2.91393196053072	1.42468150598648	0.393632362527023	0.473956886275037	1.34425295586832	1.27592629183085
3.69461126990856	1.32430884814682	0.952585486648704	1.80526712392725	3.15759552008501	1.67098419513801	0.615030319696142	0.597314638820633	1.10696402105517	1.4103690779465
3.6171068057537	1.20237404871648	0.986349805723007	2.07959220517191	2.50637928631957	1.60047826332016	0.551282953602103	0.634569866740219	1.209751851644	1.46798058786433
3.21302260869195	0.670024957608732	0.8224779513273	2.08323304399102	2.56634809298785	1.78345231102249	0.956825299958808	0.652616255399829	1.23037684570491	1.03859873632236
3.92167690281528	1.22596293428548	1.00682341084504	2.14648750911498	2.74232811744709	1.72830364053912	0.932446523910829	0.69638574439835	1.18896474892808	1.27141650999122
3.70434809583395	1.35642288712424	0.938516300828608	2.14422726886596	2.65454270150052	1.30158031074754	0.731952856304865	0.400031714950151	1.12779623557851	1.19128794155746
3.46071835229039	1.0720099585435	1.16920562665671	1.75402253736053	2.60461854308711	1.49552329057049	0.750732830474837	0.64012455950487	1.15180157718088	1.19065550947918
3.28861682819502	0.8506759397502	0.878105773619747	2.10860095903591	2.98659594698409	1.54003805222517	0.841020953979125	0.482249101780091	1.00161231822467	0.882130870739059
3.63621535267087	1.29522933298911	1.09796977683352	1.92939491720842	3.0568936797018	1.13158822370792	0.570667161537471	0.325226584420634	1.19184586900331	1.66468265098489
3.42692025094779	1.40888803439068	1.0121647359208	1.65676272899113	2.49441869190092	1.30416429099827	0.517437727287979	0.444204679913679	1.10860072110805	2.20703688789296
3.76170818938241	1.31182462849096	0.880255051848913	2.04349070840377	2.58066226862762	1.74243466026845	0.895112140164604	0.662499973099741	1.15076555990869	2.0711454748651
3.96842030801772	1.31608701894305	1.0633395830299	1.86506613199209	2.63576588978422	1.73026827271437	0.875902462097591	0.562673871629275	1.29913956403565	1.94558234524524
3.39569267923155	0.954496902547514	0.943274476330307	1.85462537609531	2.81654651578295	1.73240551866588	0.767733028557218	0.495161912612559	1.28327909470615	1.53474610385446
3.58384518342843	1.37192475178007	0.88488300140926	1.81864207532478	2.54101681593436	1.35871594671686	0.69056194093789	0.553399701977672	0.910176907150086	1.19826697859355
3.50848621469612	0.685764788644899	0.99692959201838	2.38583640359244	2.96358268963537	1.9382463691068	1.18311645473881	0.895974187927678	1.29764188857425	1.37373878537236
3.67032106928432	0.968300562841037	1.06136634244693	2.01371354297628	3.0932429372906	1.89788767481424	0.907253294243476	0.588029018791256	1.40197036622152	1.66898525617163
3.51229148491505	0.973431301850511	0.984136603786766	2.13109185441477	2.8554843705866	1.93222499286777	0.843194420841093	0.59802355842247	1.06962449947885	0.950147750999233
3.90124256946475	1.62172283229122	0.672280704757041	2.21418466793136	2.60182249448365	1.680528910144	0.585217718278939	0.368985047993957	1.11453845334598	1.91603040502541
3.81110696815763	1.44537435204705	0.807538306098267	2.37396867025369	2.73352602383395	1.63490578736474	0.573366273496739	0.52842601903572	1.09462786708541	1.785402968029
3.49614218285168	0.713808089098817	1.05615352792002	2.02453716599235	2.91644365078616	2.11717447705716	0.837723920096592	0.81353333159642	1.27820586201717	1.32596337766463
3.77064525124082	1.27535593492935	1.04552280974289	1.95789666215683	2.71348062171104	1.71675755607778	0.662213215579497	0.638026845505742	1.26637118023265	1.43930760514091
3.79953428392245	1.16847224304314	1.315028418069	1.82840157386741	2.6831631726084	1.35989425634324	0.408350665282366	0.321058427642797	1.20235047450958	1.40438581956599
3.27132560500351	0.882533036128394	0.874713538105065	2.05860738131325	2.93328662119995	1.37952788566467	0.938152445825801	0.360199374380287	1.17308658061532	1.06694718239275
3.77815322898792	1.302718361823	0.458113740820633	2.1774816149966	2.71875399236567	1.68497856517677	0.543765120195412	0.672174747545509	1.42883099161323	1.9543225028463
3.51501144938688	0.662391163352357	1.32574940636261	2.0327458594442	3.12401029206552	1.98789864051277	0.976084925872603	0.650851473484248	1.3494934301345	1.39182066275159
3.38980865316873	0.757387296662432	1.09124431709901	1.94110264630424	2.25755013875293	1.71115281103944	0.921308720916609	0.755570417372509	1.39332294808058	1.77702587509878
3.74239808694328	1.12696329395871	0.821929832209743	2.49873852043616	2.94719423261161	1.91634416977593	0.961828854382619	0.676300861639872	1.17681964336533	1.93537864800885
3.37428876203088	0.759809324211212	1.21347670665672	2.04045492524558	3.08768801542912	1.66360486504996	0.530936379370638	0.401115867136288	1.26121076880225	0.641218568266045
4.11206762737764	1.54564257933205	1.09148603919605	2.08371544873131	2.76977207428415	1.72118335827012	0.529909782896027	0.433340933308127	1.38913901344951	1.3070166894166
3.67851511345474	1.03738899130051	1.02279813484675	1.98518601362642	2.71082663101205	1.81517126221253	0.863884100329945	0.674106728190304	1.19267735461159	1.5376122882204
3.77393269289406	1.31191595721791	1.01122748563581	1.98565083217311	2.54649008827542	1.58389633137715	0.617398875159477	0.498488093669334	1.11826598901376	1.35504567434408
3.65856608625683	1.14657092886482	0.759258133100856	2.25146759792232	2.85824439684119	1.75737006736334	0.804597643215165	1.0017062419143	0.975837736226888	2.61641235235474
3.48215293345066	1.10410875280253	0.979216271069963	1.78287527846289	2.84618031817884	1.59556476373676	0.452066448642054	0.859416883087304	1.13785956945847	1.832643396149
3.5429732002902	1.40618592980868	0.906016437401027	1.72653677877629	2.56174195651446	1.29290558471592	0.516797970694962	0.531579724260493	0.959194398829149	1.64779807869504
3.6107357216548	1.37149611277669	0.873718935343282	2.04292921593328	2.87752601333915	1.49420106624028	0.370343328474775	0.843769576417425	0.866053856913572	2.09329231798908
4.04595791997332	1.37939148502126	1.0957081975412	2.04470744275455	2.75745043314643	1.78913920263442	0.944793720316958	0.626270035546572	1.14381550700663	2.13643800486064
3.43996965551028	1.13074130605226	0.9844525857521	2.04438893854857	2.72929550748957	1.41440169833079	0.679976037869689	0.627543847121009	1.01137310222447	1.17866961249876
3.18265164990109	0.71877973423589	0.89945114188759	2.37859512210522	2.36389830697544	1.90977185962698	0.65809152415046	0.476933476874064	1.05496133833152	0.924639118961059
3.32261089754976	1.06960269068395	0.922911941765321	1.84694145726519	2.48961048003989	1.62593541874183	0.505727274558407	0.753675026805784	1.34685826677364	0.739051115690453
3.66543174096935	0.958553007109599	1.15980302512237	1.83066159640414	3.12759015397614	2.09533582712978	0.880253420904648	0.884886983253435	1.07741779005626	1.23009579400875
3.5777005395259	1.34502117449138	0.776123731222905	1.88331471979559	2.29141414056637	1.55244207433529	0.573216431977366	0.586370937466131	1.12800312380151	1.98526005258026
3.84576246531412	1.52081575044851	0.835539162934584	2.16038413708464	2.80511041971549	1.51824605638721	0.611347767237336	0.442065685060969	1.18677957843117	1.85272572107545
3.68529407533599	1.37595818699471	1.02007580345297	1.83733010489543	2.530765807114	1.54420547615381	0.70943919291674	0.499228363193438	0.890905513242697	1.78377713008234
3.81493059679033	1.53503626717485	0.988416799776083	1.92447911890809	3.01886323155784	1.07763904010386	0.569026865497757	0.277847899845379	1.06301223977813	1.08333309111979
3.88013688382366	1.54355879046198	0.769117008887607	2.0891153605148	2.5239044460514	1.55823455607776	0.550851461661011	0.494744374805628	0.963978914095961	2.34751691497282
3.70067636723676	1.10546632242869	1.12383454622871	1.92311898551328	2.65435373747263	1.60529322644281	0.497207464988351	0.792697877442131	1.09973453924893	1.93879076522896
3.54616536237857	1.0389747205845	0.588755618052289	2.53333624995623	2.37566625442709	2.19463336821628	0.903913085481533	0.917933518357499	1.18692458533437	2.5222512911726
3.74454969613642	1.58975597656316	1.03856909114076	1.85126392321228	2.87072467952572	1.24906935258171	0.484506271229703	0.439795247767969	0.942383503000057	1.7802504309826
3.98320867930195	1.66313374035792	1.01181960277266	2.06182791619453	2.82343448524209	1.32382405092001	0.302583515027988	0.446431557982089	1.06437360740146	1.87567404642172
3.96319429924165	1.28744821417317	1.08374917848454	2.0945300915204	2.37583833243956	1.60450532157527	1.22078907784337	0.620499156438845	1.08563883655091	1.90305586517704
3.99131811947588	1.983898164792	0.769451377368541	2.06140442785136	3.1247599592015	1.46184637326718	0.756788276221574	0.389396415258013	0.932136767570314	2.62916449167354
3.23259245404829	0.988191246516656	0.993521321633135	1.88586023739864	2.98800756873771	1.23869774899989	0.445546203930523	0.499583779857078	1.13735557378596	1.25959224787145
4.02528141863401	1.34884983709424	1.24116109298376	1.81733109329313	3.09383801734393	1.71191539328494	0.732154675728117	0.61283418552337	1.31850503485055	2.11783771793991
3.5253503216507	1.21297315477191	0.619402892224675	2.21479852055441	2.70414464071857	1.50004693064931	0.747738975073429	0.541281738906948	1.23168376181616	2.16627787392559
3.68377318073651	0.998217658479223	0.863174899039167	2.40377016714472	3.03635517038464	1.62556651361904	0.683156332738958	0.715450793088723	1.20261116358082	1.46359031456042
3.48221114211286	1.0431725436881	1.06183679739667	1.8029857058143	2.87549937440322	1.61972049537447	0.757792826445144	0.6941183370578	0.907454593669904	1.5488304332877
3.16864434184731	0.745657396219576	1.28094734711625	1.80981759232658	3.24392092049481	1.43619310719524	0.904254944980761	0.422800770577402	1.07696070381035	1.21007518271276
3.78508462904502	1.25900207931029	1.15960060023251	1.94213936522615	2.76941142854699	1.51291014945088	0.436742356320671	0.460069450772848	1.32832982201981	1.31193521770211
3.45412863188586	1.08952117832918	0.727111048813764	2.07887502728269	2.32519449711728	1.51953325449568	0.888412527674088	0.605144404865205	1.37070377025835	1.28539144880495
3.43104291392263	0.930237897170755	1.14612167921462	1.79627799816928	3.01610323593621	1.61965220511038	0.636736769581687	0.461673138571979	1.06915308727326	1.52244924894446
3.82380567726137	1.46541800374373	1.0153575463049	1.91958841572607	2.59539995178718	1.63422898191194	0.860342093881558	0.704060797414621	0.78990248679262	1.52195212980722
3.51190664560236	1.12821322727989	0.614903506659755	2.41117488973021	2.80075826491869	1.45773051672635	0.756637411149151	0.250762127154482	1.18477914492237	1.81696503930936
4.06334777161373	0.990109183138459	1.47840790076432	2.08179979114703	2.80350199471248	1.78775563041952	0.815794328156563	0.862488354979312	1.38773057852532	1.30782400864569
3.65333811878045	1.22323182444395	0.732837125236096	2.23096158373746	2.46092268355915	1.45409962799598	0.723421583600045	0.56422949453583	1.23080654400221	2.03965636358909
3.8407847055013	1.18900391303089	1.03957800519296	2.1074878012073	2.77356044205105	1.58173740752746	0.619080886369255	0.559095281555589	1.1859953609105	1.57343295360595
3.37090467296763	1.06621094886374	0.808456428982604	1.87134661112332	2.59447884101007	1.35015424635591	0.529794636928324	0.552108459411416	1.18102133486991	2.20322827205893
3.08374274257664	0.672727237983824	0.876503223301047	2.04530464486849	2.65181280144016	1.56233025884102	0.623800413083828	0.838053582626071	1.32805909009961	0.904734747794845
3.61216990123429	0.774219529769373	1.31419378984686	1.89073034702672	2.40067638957309	1.79228933763823	0.944218532965639	0.795267970552826	1.37754590850686	1.39308253936313
3.98490031141297	1.26070170254405	0.999080203858336	2.23527693834394	3.02028757287033	1.70994647406041	0.717503599459913	0.712049313635371	1.20747375351211	1.88576070981725
3.61832807395881	1.20421960478961	0.805192911941541	2.36494906744081	3.08864640837494	1.82782725368253	1.2382826478147	0.649965451524107	0.887352159638353	1.65001393576505
3.6050563851492	1.19585798091188	0.962676791836389	2.06869462563229	2.46226452677682	1.52059323204462	0.738220349804675	0.324641341420254	1.20288177441861	1.65070829953452
3.70819949423657	1.25718758493169	0.90849161146211	2.04730854816626	2.62551379233141	1.76111821089846	0.578195251693244	0.620140103875486	1.32533424848325	1.72531190418746
3.75034732976256	1.66859707654639	0.962065668122389	1.74685737497956	2.52730826843328	1.45571992264837	0.371287271027316	0.121543188087513	1.13129424935552	1.35288693718441
3.61567001183458	1.04000583690111	1.11503759801139	2.0342491238037	2.74717521013296	1.94058591508192	0.791522195979405	0.607408079364766	1.12057778675619	1.63506972737407
3.53316697768552	0.827166117079273	1.09978348815694	1.86813090262923	2.70198872137586	1.93953291660096	0.774296105423867	0.820891926440623	1.34827325737827	1.58075649352949
3.300103608263	1.06201631177447	0.727072979710188	2.19130189774173	2.84250058713467	1.87733868214548	0.566029590715266	0.720373265970738	0.915910451300757	1.84703885653007
3.66501987498682	1.22062151042857	0.995955294256516	2.10913122574416	2.74163647761729	1.37345653926203	0.64673284193502	0.547175534732035	0.98471792092109	1.06321200429532
3.95601156779641	1.19124440097689	1.04280417767662	2.48797687831102	3.50430588383588	1.91566387030714	0.406634626563457	0.621376197272083	1.13484389961634	1.58130750733315
3.84447943091717	1.38312840145041	0.648325055408947	2.3184269369481	2.64899103554412	1.79238209844027	0.976610276399945	0.574194678335723	1.19718825703787	2.00624791483364
4.08407299725595	1.75094951138401	0.745925059949146	1.95800565452126	2.62316593353348	1.47142954861519	0.672400315440907	0.501801432429569	1.07980966387652	2.61331376854277
3.48545613597492	1.28766011137291	1.10272703156039	1.8518437050987	2.70406356051544	1.31743306894948	0.270784850256573	0.19805794495701	1.09458459328613	1.81659298014192
3.76663445771251	1.01442057840968	1.14958398519897	1.94639930468289	2.7968941066213	1.80563918936888	0.802250511977875	0.761442178391233	1.31413580031692	1.72166379677071
3.44422092085099	1.29857855367823	0.591466192417698	2.01978253140573	2.77422680304886	1.62897437232888	0.837424794540688	0.239507321441964	1.23102447990286	2.0390075578338
3.83916435136872	1.48798833905253	0.918417161224661	1.85469328662001	2.84498627054296	1.34039414302346	0.767993694769395	0.589881150984141	1.08912756661621	1.70201136021468
3.49686848675272	1.06487820989291	1.00911519930705	1.83166776233982	2.51709899861583	1.51102596679536	1.07015831839198	0.691462189930843	1.34601640273941	1.31260133294797
3.63097576918318	0.845096473341193	1.30512632763067	2.00735587735606	2.74387222252467	1.71329463871056	0.731407706641118	0.810101426821477	1.28297201439849	1.08912808815258
3.55299606115925	0.841187101293969	1.37013120699245	1.82027684505188	3.34237794469343	1.71531614823032	0.883937816287872	0.774996345023779	0.987191596185535	1.44134984208959
3.57975184489813	0.921053053145857	1.22329069209471	1.51720109187422	2.6414715716091	1.49332971715354	0.968265143227886	0.688523576954198	1.08538245290377	1.07122891174047
3.85880200673381	1.60880876316536	0.542962784353755	2.20822881247979	2.36300118610238	1.6090709127446	0.925566355854881	0.463073618317629	1.0738336235489	2.11388450687211
3.66553557635157	1.37893175567164	0.966404414029129	2.17656360229036	2.63211555771256	1.39320593338328	0.832531725902888	0.538097217274944	1.02768906674863	1.42065403462794
3.5433529168898	1.12052570761393	1.15617309741148	1.70078669833268	3.07896904850642	1.58718591829542	0.645005790630526	0.675621947677829	1.04475470413933	1.9140309195394
3.4381987368136	1.08836905924591	1.07860764576345	1.96549428441135	2.67742642858213	1.48287196180343	0.660961781632352	0.599058094634445	0.876589099693888	1.64551812320577
3.7392480399009	1.06303236951664	0.962962190413434	2.19772714101352	2.54098847666263	2.07450319583303	0.877093177136118	1.00587120819014	1.03995941241355	2.0881931667492
3.58559128828213	1.08474760475385	0.806630157123587	2.07879131992238	2.45595479997215	1.86851506437813	0.948304103695516	0.892565094897329	1.08394972909358	1.34920988480123
4.02424468717849	1.66223871859852	0.705857686700126	2.10086166138288	2.35523235967964	1.62044106861307	0.601036401420597	0.628311999022442	1.32333986186468	2.40266875400185
3.29273969788004	0.997225012340408	1.01243299285342	1.90429250498125	2.92978778832006	1.35724690989807	0.51957490740273	0.599539367702719	1.06265726051533	2.1018592270415
3.79105708879321	1.5152082246453	0.808862415778694	2.07644334774415	2.81759727164892	1.55963095027996	0.6099650047229	0.312584898010148	1.40395703023234	1.72261383684314
3.73192189713657	1.31076454371489	0.8354847773833	2.16841910509385	2.77311441654753	1.62536329483477	0.746932272364037	0.615247609858384	1.12097602890278	1.42521677887721
3.37232949746964	0.677576661100717	1.28540234725218	2.02054027372668	3.13757459502728	1.78629912263204	0.880753166187097	0.58178005420964	1.16394471881489	1.13263756092763
3.63987636895432	1.14791278488405	0.646066908772389	2.33841224537897	2.83166991016067	1.5181964484747	0.563680463565496	0.587067339084215	1.08741892474746	1.49217417187507
3.44364250882736	1.19980923696101	0.820523608521381	2.0466144714289	2.92898477753375	1.39198455135124	0.159949933414551	0.431508429617145	1.23886414181347	1.30291011629366
3.74072656767448	0.947982965170051	1.07484609538224	1.88307875614322	2.7817273005676	1.74323872371057	0.97745512236173	0.722249109816846	1.37019283698671	1.535578088533
4.22863163864165	1.60136071618429	1.20147726651672	2.15474491150524	2.72683627370604	1.91466176756645	0.576091293891398	0.510915539216551	1.19598571554083	1.69925403601094
3.60357084340148	1.12573063941618	1.02522204424821	2.08886178710624	2.64972554171126	1.50005308409532	0.57056717665761	0.669919570673165	1.18354499961932	1.94333230268689
3.72216941262898	1.05817086703022	0.981008094569297	1.9178901108835	2.52362141074325	1.77301612336257	1.00433674024039	1.000912141235	1.33055042066243	0.907731219426189
3.89271851102376	1.46582527426657	1.01593490666199	2.11972559436031	2.89834879841284	1.53247665006058	0.725895609880518	0.38757654276583	1.39520869738846	2.15058453465355
3.6751387264142	1.41499424121096	0.74166738681779	1.97325602499677	2.26156828112947	1.54242153935592	1.17106500749727	0.783248023102208	1.09646987252168	2.2176822031244
3.57547090132574	1.39920369113367	0.879080868347026	1.99160710028857	2.46979061883142	1.0596665061841	0.417034332229892	0.566917362211636	0.881177911511628	1.71072997406316
3.50155254526053	0.936691789414263	0.824718449962892	2.17147643813256	2.56875620763983	1.85868360129974	0.840806101063858	0.507554830489728	1.14288437450484	0.893627291706144
3.61737376027065	1.20927488692621	0.803273775410061	2.09759005554979	2.69460685431286	1.63082617001074	0.632740433054278	0.67242884343086	1.12612506895181	1.47939497813937
3.29565716227282	0.587287421576024	0.811269520994327	2.50623571636975	2.76609594050535	1.7622187618435	0.697539485556674	0.821299307026339	1.48998336980907	1.20473006098433
3.28907765304427	0.920440407066412	1.12506549456299	2.00864202447339	2.5609467777136	1.65299766693709	0.776355062988377	0.450131851060796	1.34602272318215	1.20284216615065
3.31279029114148	0.712420499681993	1.2400544363334	1.8433379897166	2.75123553036723	1.61926036665191	0.773307376626877	0.571734354093893	1.29061664364582	1.16716258156355
3.70205542933887	1.17102060325458	1.24227358484769	1.81656280662081	3.05138103316882	1.62157326013277	0.720959684846928	0.631635035269317	1.14205537319795	0.962676321888681
3.48652588598395	1.25648878043142	0.858036470738989	2.10028140964647	2.33145757929872	1.48175687663443	0.849436859278235	0.866050700648184	0.875423084146782	1.67280832494483
3.53325245498058	0.761176636320406	1.20358562162355	1.92156920915445	2.30400934487934	1.99568131952429	1.15663384267564	0.791922224964169	1.36147335514315	0.95452513264212
4.07571049622114	1.26127337310976	1.23070753738708	1.7015754980908	2.61630528592605	1.68302770151786	0.957604446420323	0.801339700116351	1.36699916513154	1.5610943550662
3.76412025879526	0.899892904783037	1.23646435209262	1.98193533127391	3.03620252061373	1.61567661352742	0.691311998090623	0.707077244175215	1.33413494457657	1.689026956869
3.81994279357549	1.56008023933099	1.04175936215763	2.04134257917612	2.85424681174766	1.42894356901948	0.328416221658475	0.31914990572464	1.16041930476764	1.48069172282426
4.29460482904511	1.40773124823251	1.33684796135802	1.83149248179346	3.00506574868243	1.87485302154171	0.844730221145477	0.702594287148058	1.45423774075811	1.85720485561256
3.74004299014081	0.929676610040507	1.23343887117566	1.86808357628093	2.89484650952804	1.79232379456508	0.806526500980847	0.605112031231095	1.2051919377605	1.39622416250852
3.2501870717693	0.738166534019948	0.646018227654285	2.27141473905978	2.37812530466939	1.72079081945961	0.994169616706059	0.699840123378067	1.34278214501127	1.59495235047285
3.5983211066843	1.3403643820658	1.05137715249993	1.76325764348421	2.2233934089246	1.39972039215965	0.621441248431968	0.696984983622017	1.17687722420221	1.45456397674202
3.77087506432121	1.35083907258663	0.871482532438982	1.93305653023253	2.67732602627953	1.38217757545131	0.560707434673526	0.768138342462441	1.10801615779288	1.74996913291027
3.50250176256738	0.699956760636038	1.0250017717605	2.10817664442839	2.51284036757126	1.82378950698612	1.21999296203518	0.833034177983241	1.34293632028281	1.80021589196548
3.31757571193274	0.810969968235321	1.38731611574608	1.83507139733575	2.83185516127524	1.15822746093915	0.811166696534612	0.391322180232021	0.927166595923733	1.41818721714767
3.31853373617202	1.00008457092117	0.932039151992745	2.00283881572051	2.60380105295268	1.45682295711414	0.448695561230795	0.578811051747478	1.37422919900337	1.40831502553735
3.74138157281662	0.982465273329246	1.00978103053777	2.18110115367998	2.76929101352862	2.02843171708019	0.861070700740616	0.731282193603749	1.4956057607834	1.7782974308019
3.38007402024666	1.1175968989599	0.727981632422107	1.9173842355131	2.52843639037203	1.5892903892085	0.853048734644568	0.44947015842317	1.26001297999468	1.5250340754876
4.18301868015228	1.84602913805559	1.07238179287797	1.87991579334013	3.03844270776552	1.55359471649562	0.520281611262748	0.391753045163151	0.829818591573076	2.02218730538814
3.72967360928685	1.26830291332449	0.713622103402817	2.20505991318818	2.5760476440848	1.64359761611079	1.05374610381086	0.412456076577264	1.4430394533936	2.19091380533125
3.25041648972271	0.830996050896628	1.12055413611632	1.7939245025402	2.43603906881816	1.39654885224484	0.615674727100356	0.613944620755372	1.09871581669501	0
4.33839369065359	1.68763449160298	0.771651094037921	2.48579439343845	2.85591642407677	1.76223359670595	0.831435155736981	0.304293902835554	1.11555605194194	2.00640785695945
2.87323726246252	0.549639917457759	0.757024608854912	2.05106112872978	2.97310966084367	1.69604481404248	0.681260559023127	0.467497638408815	1.17370094820212	0.773274594733763
3.75223444534707	1.0518303412404	1.37502334452643	1.98319152759911	2.98378954946498	1.80841036021225	0.790579389216856	0.698357740069816	1.18724630682018	1.08316756727458
3.89564808723988	1.47358942462084	0.686057288970928	2.10206726124792	2.51054978417652	1.86965686553537	0.657563153190881	0.701452616056707	1.2462257426583	2.11692080372684
3.59428876220085	1.02255351878507	0.901118406952382	1.99649339079799	2.65408517425528	1.70296608968633	0.837703869255026	0.5037615659995	1.42392997283055	1.51582298525177
3.33490786737062	1.01913281537924	1.19955432268876	1.66603165316232	2.34883926265231	1.73448946130657	0.724253922358915	0.554320783806974	1.12932542728468	1.69908668459626
3.44527142072344	0.664852936202034	1.50316535712524	1.8363896808795	2.78491420743294	1.64658300980842	0.674872621921725	0.804010622448616	1.18467577239633	1.70658639920543
4.15209920333826	1.65154959437893	0.774972428773833	2.17939441824728	2.74050661643388	1.81857217871916	0.727113744856305	0.744529892648236	1.3083855858602	1.89068699131669
3.48114236041673	0.91130494587059	0.810649467864131	2.1511377837259	2.59903107841598	1.71098301933165	0.90365674195345	0.551881424339521	1.41058989258063	1.57687855544878
3.60702864480329	1.09881856435756	1.20016213074541	2.07286542568795	2.76349617827579	1.44409338922968	0.647978476923028	0.275900494227987	1.1367477501279	1.34647110994954
3.49121702674181	0.879643655786637	0.839093697429874	2.34790336411045	3.00096898002243	1.7482641010706	0.593863861235103	0.726874183997784	1.13299714649813	1.02705121893442
3.80771293179911	1.22293450735552	1.25664181115931	1.8701375250085	3.23812986089997	1.38890191781445	0.508782067433021	0.578962540304818	1.21831731756493	1.72215205895315
3.48179013055994	0.855428335336169	1.1878635976034	1.9576065986409	2.71955020485018	1.73827248659799	0.907460173658086	0.66727921657006	0.84808924178681	2.16174620948998
3.97966841214297	1.03218397361298	1.31748337171369	1.90337361762832	3.40197453168183	1.81450879301288	0.903232628820594	0.639823107503778	1.3123696082642	1.26035554941424
3.26579439923277	0.648904891135151	1.15941204162787	2.03805703655343	2.64013889119	1.42774119216912	0.821287671922402	0.656715432615643	1.18773119968967	1.08485257753575
3.52371436243444	0.887620879444131	1.03582060370866	2.08483522029328	2.55315341676244	1.59912131121308	0.752029581022806	0.720991599778316	1.36626487426515	1.83922531946829
3.66423448328475	1.39374892989428	0.653845704607282	2.23249225276333	2.4965508491275	1.3706726506181	0.757867828472611	0.653164592175837	1.42135684091294	2.02810763587923
3.45441337357682	1.025621840736	0.951897673309407	1.8804983292531	2.75644284471418	1.5878832365322	0.737149589058705	0.661763503744435	1.13150861158053	1.30644230861306
3.59960899413333	1.47302651790501	1.06665346980388	1.72685398517178	3.13772314716365	1.21124098022314	0.405558625880488	0.318742123283391	1.01958865922247	1.62641478258868
3.86933607783965	1.48220627221005	0.856712622907244	1.94907134116935	2.58402237109664	1.46204803256081	0.52426832105951	0.833886662485507	1.13131635352344	1.62173606869381
3.66562541134544	1.04845812083157	1.1355154157555	1.87791494923915	2.85178905966469	1.65842092195951	0.803666293275098	0.592914369065143	0.988680609521217	1.41927534226444
3.39387128586502	1.05611025233877	1.08745125688004	2.08163291643173	2.91411621497232	1.56467192939692	0.698482853582878	0.209092553161298	1.0337144442367	1.12054945095066
3.74591402728521	1.27349482598061	0.808678986797915	2.16120526545728	2.91122059040815	1.43485697076967	0.551165422036697	0.840633022321358	1.11137081693608	1.97996948856915
3.95862862145651	1.3383806340771	1.11893507534126	1.9303558986643	2.95785435636538	1.676613216984	0.889497246698582	0.641198406898792	1.35594150713659	2.01196684452798
3.42511325529795	0.634824455769654	1.42767373136826	1.76383917238572	2.99551009632451	1.60023180556604	0.726183664501125	0.740455406925197	1.43204053699091	1.47436907135142
3.47095498218131	0.805321885088794	0.858507214439275	2.13828751497142	2.93327519395569	1.62814991373544	0.641551630908381	0.770479015457513	1.20516782197715	1.13879611059377
3.80892897824581	1.39740523876468	1.01433136134462	1.91000791106022	2.6411049230348	1.75985483541455	0.561055216639366	0.602572711960773	1.00055888123243	0.938142049160076
3.55766232427447	1.24819651525108	0.801182670767971	2.17292218164911	3.19783487808217	1.51658370780339	0.547871709930532	0.461156826040333	1.04440669675229	1.38371850697818
3.76842302485324	1.36762039952292	0.945179342350186	1.66452005222638	2.80843708120115	1.50127802208532	0.788087734446558	0.565395497641603	1.22227389791952	2.06433252034371
3.41174539813288	0.864795872472304	1.04291633334068	2.04601833357471	2.97000551837206	1.50741426206679	0.652991142700691	0.840725846577968	1.48131213314205	2.00821832859705
3.74604724047696	1.10452530049446	1.19826075276927	1.82265553747317	2.98103935148338	1.63977887509557	0.807240825995851	0.597662367347385	1.15058820371074	1.53127884017418
3.52532184749968	0.590132477780119	1.38850399206564	1.88060113727135	2.95886436997897	1.989459397002	0.97790632816279	0.505153405440426	1.31809548246464	1.25298181589976
3.83889864144444	1.03688174293684	1.0992452939287	2.02080578233955	2.86645348895542	1.79074618669886	0.706189286123298	0.888058791297096	1.2664929679308	1.46449664609461
3.50871692156431	1.13903349775421	1.05041938047112	1.95896873312383	2.62153655393259	1.58284879570427	0.517981959737664	0.352840897855856	1.01578386251144	1.50791241858725
3.40275325945071	0.664590279210084	1.15039950322071	2.03518057548298	2.59557397503515	1.76325734776148	0.798333189843152	0.692284679392458	1.35709552576839	1.35383936026722
4.38176668604146	1.74918733851614	1.28697874007679	1.83905641921251	2.88315682844577	1.82663669711541	0.551304239027308	0.429087342480046	1.12241739974648	2.07874295267525
3.0997050462845	0.778251728388144	0.942505663207057	1.9038306913164	2.51892152473345	1.55717436187202	0.623252203132443	0.500712217540016	1.17831297067377	1.41460130822147
3.52928155497922	1.11039025793506	1.02438224673499	1.89231315887528	2.30498430122227	1.33998106023017	0.344895583401139	0.780466399789844	1.26289304129008	1.37538706929223
3.74238350342614	1.30049100932767	0.844946836071524	2.29577371487729	2.91187327505203	1.72209048999951	0.488075890507374	0.567901137000469	1.09292891322283	1.65061649045985
3.6452916474501	0.943472231891804	1.22283265180188	1.96203172750708	2.9665480738874	1.68312982074045	0.705239466662606	0.721956430104122	1.38173544534185	1.17646498037034
3.41187289993511	0.953263602153976	0.920688021214813	2.08055338068656	2.40666684147518	1.73054957792347	0.604596115854848	0.630626140172744	1.2573400121048	0.941113332868589
4.39032495541255	1.96293369268068	0.815736647071756	1.81904497884985	2.63159490430488	1.81277772308907	0.907298788614067	0.884606821805664	1.20978614151417	3.11199115397414
3.68678635153878	1.39705845668734	0.712554457770801	2.09772882392725	2.40512482243601	1.59517364719721	0.668138533210564	0.556605186154582	1.14808382164617	1.32150525488341
3.40337413948833	0.708676705611345	0.884415758205006	2.03762442406366	2.80069841235891	1.96729875562514	0.869477080415824	0.733923100304919	1.11803813381747	2.46744921317349
3.50396244169256	1.01612904661863	0.945224927698445	2.00843036563332	2.94220600116906	1.46703489229683	0.600613657852097	0.479785101583823	1.45522736216554	0.972284795276545
4.51678556038281	2.24658244641746	0.808286167518675	1.88277053526846	2.58218112496991	1.54980354609515	0.79116919277327	0.452776464905799	1.20874695791902	2.16293425199948
3.41811046706426	1.15199026186855	1.01268841189938	1.67012693361067	2.19415066524267	1.4851180418745	0.52988424356051	0.500415271468483	1.21143729589934	1.63613674558475
3.65218131650072	1.06188637854109	0.994799847219281	2.08763739503595	2.83406636081038	1.69082419659789	0.697123216864912	0.872753723759717	1.1323355982484	1.42564320803235
3.66877397390356	0.865945619760185	1.3862568863703	1.75502850397005	3.30743867246647	1.88414358651424	0.812140028093402	0.693776862299699	1.38489685513933	1.58335421390299
3.54619369554703	1.03061639748853	1.08107277970108	2.04438473720874	3.04110096329976	1.5555058352885	0.328716074394773	0.460881260685842	1.19882079071485	1.32785970476716
3.374074633021	0.848593588562846	0.733821007227613	2.22643768955106	2.9319503596019	1.92955354852284	0.671363438767101	0.635927543557402	1.22017226503321	1.74574841080142
3.75254859329057	1.31749122854125	0.75456413470108	2.33393657611872	2.25484458452722	1.57660213475846	0.888049310484078	0.468492363630549	1.22429707971056	2.00592553227028
3.3613375675005	1.10541238521155	1.00938456646876	1.88557620818076	2.45527391782848	1.32063714320439	0.433794389852684	0.317701712878594	1.02553504641278	0.83229603035677
3.60467751005558	1.11636108178796	1.01800573189528	2.08906760400425	2.65061625036358	1.38729067342775	0.741667517458184	0.474500220696085	0.908421978496866	1.08009230539309
3.82074017998562	0.834948485046656	1.33026232815507	2.07026933124903	2.41543056741873	1.8493748118073	1.13561569757636	0.858120331254727	1.35137586168023	1.93667312930997
3.19255700134339	0.944250985288984	0.978366152471547	2.05419863690801	2.82557887534987	1.67150626391072	0.608606409517779	0.595470450975804	1.07329413870875	0.68836698636515
3.89088043617697	1.4581127759826	0.664565745382502	2.11527758772577	2.85134069254999	1.71295555871331	0.804457404526951	0.551097492009015	1.12621719626726	2.5491604508472
3.78325382689492	1.18038766981614	1.01834550700657	2.01913180543894	2.44149503294398	1.84119576734255	0.625712862381239	0.741626006900088	1.04706756959007	1.75880001613623
3.82277837516198	1.24863697488454	1.10390654972312	1.96930221777423	2.7598742099459	1.71177378710311	1.16012209663697	0.721792588310498	1.13345211217687	1.78257565480016
3.44826722136717	0.826783336033799	0.971216574771564	2.15479953332835	2.54724267477708	1.99784670100252	0.924946378838301	0.753935907942339	1.01106982640481	1.17898221798505
3.67552323986332	1.4983788773594	0.722489614418605	2.14978054673549	2.65813316947857	1.42355629925075	0.961134215693287	0.636661952168868	0.84120600599302	1.38185476689588
3.10737765316163	1.07822980428966	0.697938500887118	2.04870718705771	2.96726771166191	1.18879347527995	0.59981456937692	0.357567429196722	0.954222019638207	1.90799206010818
3.70261540419796	1.38538887906086	0.45821834604191	2.24307513369164	2.57807622520189	1.75351270159229	0.951062292166501	0.605140279523261	1.28811848035929	2.45956274748069
3.64855108601511	0.967291847048121	1.181554668044	2.08230877385898	2.74326589752455	1.58787796050728	0.781015354003618	0.714729105643639	1.08150573094732	1.40351522858884
3.16889843122372	0.95402413915168	1.02518136788533	1.75272810899374	2.51086681469488	1.81801287171011	0.397825416611421	0.348914755210255	1.24252948753779	1.40866665648096
3.68601110355708	1.1197363788173	0.850118095375679	2.16835194045653	2.65239884173305	1.89792793707164	0.692382040854473	0.954233878510506	1.02272241765282	1.78768077231627
3.46082611743718	1.05407575380343	0.80105865047522	1.97384737706753	2.52520186169178	1.53221315400171	0.8031751633661	0.524476455341192	1.13384251215363	1.43324402619028
3.43424269043387	1.03722542857733	1.02237482035779	1.85161942602313	2.2099678155865	1.78901405864296	0.687210084490824	0.414417830609646	1.19049107303438	1.54681658101528
3.55024474203479	1.05517813594361	0.992952592160878	2.08324490084221	2.56034990813878	1.55921034839639	0.554811167719488	0.802964843723532	1.15634528810569	1.2081417311623
3.1968589161187	0.715594780989034	1.18649788759661	1.81106173661262	2.88696573235461	1.607982572227	0.768200272199468	0.637719558250299	1.14554407694108	1.69159901438757
3.35152636082796	1.21049547820357	0.892872163965892	1.84775197871886	2.57851258121444	1.38736778935773	0.7287433000376	0.462126369908395	0.870098150256763	1.15461996356816
3.47877770306242	0.96749742443746	0.967829689373669	2.16207359293271	3.1137296817714	1.61102093170141	0.896548193223956	0.678279424287408	1.0939007649284	0.959434349902149
3.61682071959781	1.07990899273147	1.22066835228248	1.83182001217479	2.75349755148629	1.54308657698844	0.797296419741573	0.58021249250202	1.25872434089196	1.66441531429146
3.61730838532766	1.41399749082879	1.12746196601626	1.82541714754328	2.34165513944785	1.2410829489461	0.545803523819822	0.488786736793095	0.856025745162862	1.99623769835859
3.78533784638339	1.50114604769377	0.743923750021261	2.04153927337706	2.67793650681489	1.56723042829635	0.676493064068236	0.766796926896115	1.10016461960136	2.21831847437857
3.59000883216919	1.33705900585109	1.29001065396602	1.51202161626776	2.0197004697994	1.74820445582324	0.719864166651995	0.465383637051153	0.759377557026846	0.957291478081877
3.4460872992935	1.20892142393299	0.931223728676282	1.63086330440258	2.54980754903117	1.66386314157697	0.597563519009543	0.444980321084322	1.09158652437219	1.93631302985334
3.92685941436163	1.37965947757859	0.822665066357519	2.44771005537668	3.46724437157219	1.40860409626053	0.64285255656146	0.810131939392657	1.36911199000649	1.4345610872323
3.55106095295409	1.15999845882441	0.901708450494803	2.04170104803527	3.00787700980343	1.49901068967436	0.727438317973636	0.258654215313827	1.09527111506073	1.81885224701581
3.67166536315061	1.1413306209201	0.936267297023488	2.24607541335743	2.46261969324641	1.46988276271722	0.788199996670673	0.660020488153123	1.29365414180062	2.29854349579697
4.00761288342074	1.28965090124734	1.14135019118408	2.20828119996949	2.75557269640627	1.65920102935456	0.896796153826865	0.588036062713996	1.17800896349649	1.43912689120767
3.53958081056079	1.24134137819806	0.875765636317086	1.97602284300093	2.55682938684607	1.49743844072159	0.383604614390681	0.47290501866163	1.14282159445726	0.517370021886465
3.72852118955431	0.981100208966542	1.05674503498024	2.15496802160381	2.91598776885058	1.72856844772886	0.773152291678931	0.791795482180915	1.08513115803255	1.60409991185527
3.22268288772222	0.890045778370025	0.875187224525913	1.94917290336702	2.51092822177325	1.82092074367675	0.821759863354077	0.762874528012764	0.948682087556333	2.00840525694143
3.48870967706283	0.857368994785657	1.10041632094246	1.96508631324372	3.28585852192389	1.51510624752384	0.61290330077914	0.805250637599804	1.29022918532976	1.7743680770607
3.82825796740814	1.08865255952937	0.948844477989924	2.37787293622112	2.71626516948765	1.73968833423317	0.587099464089962	0.766964021232945	1.43155121132725	2.21171872099487
3.24630271700419	0.909031847314551	0.941718039187552	1.81482251237059	2.66247230456794	1.43158556159938	0.639737288046978	0.483942096419186	1.13029223589738	1.77189650722589
3.6223132962476	1.1763609716993	0.864214837951226	2.11789955635745	2.49945219424744	1.99538419374115	0.356927324531525	0.603830444703829	1.12849308050951	1.55663015185675
3.4001634998549	0.892119705503561	1.21394499024916	1.8658026375597	2.33307028329078	1.40371207413748	0.618733530547381	0.467116853714735	1.16280739737815	1.7537363562144
3.73786375958073	1.40533132966778	0.850842824289698	2.21414549300466	2.37438221357077	1.75865825896191	0.672424152059071	0.632710266762988	1.01354900639047	2.33219591706061
4.08709415009808	1.30360775790178	0.986549286049737	2.03047215446111	3.25038655329004	1.8103501957721	1.03858920457699	0.804647878658593	1.06837063958091	2.79284695643993
3.78832541998716	1.26781240002121	1.27014645543014	1.87745852139608	2.83435444243145	1.70176743605837	0.526169652882643	0.757477823362568	1.04403336067856	1.81561444117557
3.88694447039965	1.28875614364871	1.00846965192849	1.84047446964838	3.06756142447401	1.59052704023849	0.949446063207918	0.897304317266153	1.1984176263504	1.56038715965242
3.69328340682521	0.616488755838274	1.47406524557708	1.73239191553503	3.17838732963861	1.85014980960801	1.1755201311702	0.642702228722473	1.32366782736296	0.89394837586168
3.70685702145756	1.4207996207765	0.797039583861859	2.36929945300963	2.64520086682392	1.43757305758785	0.668819291589912	0.400378384822153	1.05410488435251	2.09765368582873
4.0345597862785	1.71104554343347	0.951968447664027	1.82204164105517	2.52519076069281	1.48576087876482	0.865192243503464	0.542413456843612	1.10278256294456	2.50067621690136
3.73134522451491	1.20844074531731	1.08935642139371	2.00468296446605	2.85478256549753	1.32932420890581	0.634276899095767	0.682762304640048	1.05780196785157	2.35730605283053
3.69299853180509	1.41434600847387	0.780086704573081	1.85594428504935	2.43130324273334	1.60198698886255	0.777151589982567	0.615854664849998	1.17484403601666	1.98743534858453
3.89697411718742	1.34471435984277	1.30348511991141	1.54932838582908	2.94402774160484	1.56582703205844	0.962923579802518	0.722911253282893	1.11990957508314	2.10217130679651
4.10503647617169	1.16186264833564	1.31679647054794	2.184998484424	2.945031777163	1.71269757562675	0.67505760839722	0.674593388692226	1.2192683380515	1.6274603499152
3.89056592387493	1.21938854526754	1.10174978221373	1.96982998446661	2.72452664073586	1.74312511358949	0.939431365617653	0.616564786285994	0.952775380226001	1.61871609369493
3.86693565064254	1.25918636640975	1.14225335127496	2.22402556379644	2.95843784710484	1.70270854889226	0.631521298112564	0.731700864353067	1.08211430564097	1.83167297064872
3.6046610821442	1.17000555157765	1.02330157759452	1.94222640861193	2.73746541418937	1.64966699195155	0.692895757746046	0.496632175795743	1.0757643389545	1.79153258503087
3.35503020532657	0.941444032249543	1.02617118670371	1.92153923453882	2.53577712377596	1.68295095311501	0.808039805734291	1.05616674595091	0.950292763325221	0.453948396761456
4.21727653191678	1.12181783956115	1.14708456213379	2.3172912784919	3.00042078130845	1.91210434861456	1.14080327410315	0.814879624385516	1.31285020192058	1.62250485586376
3.49083982335079	0.654998858442805	0.993144068633228	2.17668112933771	2.53176827449111	1.512273109126	1.05909845543784	0.829848898800429	1.2027557239541	0.910006593789794
3.15970984821882	0.856917590460381	0.964745718085434	1.91098261226416	2.28504238226423	1.42956266520615	0.897746523503355	0.640361237559084	1.09767316278518	1.26951918873837
3.55082509852552	0.950299358541277	1.12850060566851	2.04733128304463	2.78043528254177	1.20487358892476	0.65609197436277	0.593426174417061	1.36091349986114	1.50102341292035
4.02917467876945	1.33619567197886	0.871261705952109	2.31542566407393	2.92625593674871	1.77888340902835	0.857875958268612	0.675672087240828	1.28194335594054	2.00653941715247
3.52069787394443	0.665505759369775	1.20469240691633	1.99142441046449	2.64950332855224	1.68910309566729	0.987581412513988	0.830329647684588	1.44515636305022	1.74155501694876
3.63853741138618	1.0102983075661	1.20367886485058	1.74942430863681	2.7669701810328	1.4708175903785	0.980904731808957	0.786477125844769	1.27839260649928	0.733033476827264
3.37754863742322	0.978481595212976	0.934054859494854	2.12339734488182	2.55055995905156	1.41328809226605	0.650775923077826	0.488708025705867	1.14309845139872	1.44583889463109
3.78741702800003	1.44159775546381	0.977397556895275	1.86372308722523	2.61725322516036	1.71205171327997	0.765157017412345	0.674824860617561	1.25305035629071	1.63196048159831
3.7891311331735	1.38011591488181	1.33052764045538	1.79776157427949	2.17508179149288	1.49175951752918	0.387292999755687	0.309327847578988	1.15587586937967	2.15226909150004
3.73517512837445	0.720992354170571	1.13058423035937	2.09857500971766	2.81068236208849	1.93192118276617	0.8266818268357	0.904320311689984	1.5190565754769	1.71692653139165
3.5905976192143	0.734192616036096	1.13633359235129	1.92121188231264	3.25720934586695	1.82366953432117	0.720560714665101	1.0448058704595	1.31923848685551	2.09008732313461
3.88185323588295	1.38206278768876	1.03935240759966	1.65358969404477	3.00030947300849	1.8070863829728	0.777148699949209	0.795670806666952	1.02933329858199	1.99728000744221
4.06544723392031	1.33589732693333	1.10420006371324	2.12645437721488	2.58908991614657	1.70313079373789	1.05876870474888	0.516425300742028	1.32588395132657	2.26445724287569
3.82624927802694	1.24843181263753	1.05033054467508	2.01057094305033	2.79309630510924	1.28953095831556	0.672309167887121	0.599050163608671	1.26012437410994	1.49736484657095
3.23217023071908	0.96835184245506	0.839102936432706	2.31865180587269	2.60008983897278	1.5011985926623	0.536950845507582	0.409953664898073	1.21880016072637	1.13770830469354
3.72485496055652	1.15355015675369	1.02298807844675	2.06916660306191	2.6487282512286	1.6907855516929	0.703224953116055	0.697344285538126	1.12773269289686	1.45164423141498
3.42433725472222	1.08972300614164	0.926720926901532	1.86420331898633	2.44323054583697	1.37367668513144	0.725707450310966	0.568655696448888	1.32380361623787	1.21432762112634
3.27061942633312	1.0485855878514	1.02801793356742	1.91723292771372	2.79547265867546	1.35162172815116	0.662674941914527	0.401536373897505	1.09910155709079	1.59669275521841
3.36367582726814	1.3099447621204	0.778171663097183	2.12672098012888	2.66842223252435	1.52147949981044	0.308061960594121	0.363059947708449	1.16526739440392	1.69135595019043
4.09884856070597	1.62915445863415	0.897149362438142	2.40494060069266	2.88853626277256	1.28833475255437	0.409688899533863	0.344813903422893	1.28360158930142	1.89106746605269
4.03573290181493	1.57641367219697	0.710782554940388	2.14247320974245	2.44387447420175	1.80004898520029	0.69869225983985	0.508126878902602	1.269128744278	2.97784577111204
3.48778404047852	1.11711534966077	0.913031332079002	1.82299510032335	2.72994888557107	1.4120518051562	0.769286632703777	0.650149954621365	1.14414604991547	1.80133351847199
3.47842190911984	1.24890088497619	0.911022265393656	1.80509676421134	2.69395460993505	1.31160148589332	0.409107981331411	0.385699162509802	1.24013872971461	2.05889089999207
3.75883977298444	1.51124231707078	0.68876081619944	1.99203703543291	2.44297629630947	1.57975211649042	0.643468266543477	0.658714825004173	1.01652762348751	2.15309612515993
3.57391368417597	1.4997441081469	0.748042539063221	2.11427529717838	2.6220653363562	1.33688356055065	0.546776999989398	0.312501824651407	0.910931295261615	1.78990073737512
3.52533262758608	0.987938975692293	0.950154148750282	2.11057111254813	3.1993353224732	1.33619259215971	0.968640588559592	0.626909701856575	0.984581909977976	1.88882036889766
3.69558196346378	1.2888687320633	0.984324930698923	1.99006472179738	2.25614262382365	1.72542305382258	0.774267841923195	0.734303893560955	1.1272265678213	2.04334833986469
3.55297245880961	1.13612424427587	0.913919173267158	1.88211896920725	2.74296545342265	1.88648855426655	1.13371261889292	0.684544828344649	0.880904642295092	2.26424387808397
3.76183993562782	1.25303309284352	0.923128721077008	2.09726995520517	3.02670270724784	1.82014438802295	0.781098429750738	0.630877031881476	1.11321566036771	1.55008659651119
3.56693402967482	1.18280127908897	1.31148545888973	1.66815835310149	2.64336132454458	1.22485516451401	0.726912185431113	0.59059634653252	0.99984742426729	1.75666061238942
3.47912860018147	1.05950429802339	0.909454502666739	2.0975359306468	2.68798954969357	1.74441665839974	0.612373158514874	0.570456588059068	1.34252184824165	1.36999826635367
3.93769097221926	1.55271214138622	1.06910289519426	1.99970848963738	2.70982249812776	1.40703838692204	0.469785393922612	0.225164310575249	1.13618620139605	1.74563517238727
3.33007363186624	0.706847962568835	1.25565930779825	1.89967198615107	2.81555047757967	1.85129212490972	0.865918758077745	0.618487977641849	1.2746566160844	1.06905471831402
3.7844746895362	1.08017379110105	1.03063595697061	2.17119736929054	2.81698351803221	1.78324377221288	1.04466893499794	0.897933912478677	1.15706843493653	1.53151860853207
3.8298457499604	1.2660662060868	0.930911569309102	2.27531843823037	2.64916159722762	1.8572143627628	0.988467475649941	0.572033891343296	0.932606202281244	2.34127488387792
3.29153065051635	0.924652364658449	0.873366088493543	2.04024606160034	2.45922301869839	1.42227578103856	0.878609608158313	0.4484269008225	1.14400380741809	2.2180169604416
4.10487788960201	1.17589921641989	1.00372310715791	1.97051440533848	2.903652056733	2.07863237559889	0.918961595408596	0.987753290371894	1.38232576062017	1.58699870921291
3.42142466227592	0.886919194743303	1.03275550348897	1.85404970094819	2.83015964989121	1.60058723533248	0.985455270517188	0.978417975206542	1.27894657853373	1.5227016383621
3.90026215436257	1.20256899223668	0.926847123257942	2.26030008018753	2.42314697460432	1.89670401766637	0.90079433131783	0.804856587641369	1.00701685895052	1.70455430038642
3.46786351011993	1.00099060757436	0.842741282189824	2.06461006670818	2.80245744152469	1.8222013254851	0.831657910469816	0.651004082590654	1.01251390883566	1.42601479428375
3.82763733318897	1.2199416401742	0.917484794216576	2.41037665060407	3.14040765616224	1.52857498686409	0.382465521325768	0.400851450613733	1.3172694910578	1.54006751984307
3.52780543634109	1.2167930528412	1.01988678095864	1.8767463005597	2.57255783046305	1.77762585019123	0.610050432341454	0.280836495419938	0.967288161595286	1.85083440540183
3.85583561927137	1.51031868913292	0.939414948172217	1.93129709966084	2.6592093987003	1.29656463445749	0.825877486852317	0.346877031945992	1.15253155492014	1.65532633037289
3.42817174293906	0.944995387052959	1.00469131970767	1.86745249207303	3.07268845475839	1.45755050987387	0.744007619556807	0.375112048448012	1.25157855895057	1.28655007992235
3.57096606894507	1.19999030134535	0.731718207913968	2.1885135917094	2.70020433908235	1.53152875337896	0.624350436841411	0.681404599684931	1.07076747700453	1.2915351443638
4.2645766746073	1.4816957293053	1.07351170284606	2.08373923325218	2.82014893910533	1.54785209443669	0.451001312239143	0.612746752024747	1.27871260134338	1.06574312116948
3.77937457366846	1.18703548681133	1.04188281317682	2.23903020400228	2.81711771469021	1.59084727993646	0.677649244374045	0.249423016046538	0.972363319237684	1.52996993803519
3.77862779523951	1.55604951137278	0.661662727797052	2.05121907931951	2.44516493099128	2.01544922923384	0.709446641573034	0.477837732272404	0.888552297331937	1.41195970077055
3.4463793769506	1.19441402374459	1.07800990094938	1.83151381818554	2.75023199001918	1.3328885465044	0.559469301446553	0.399260984735382	1.03234801062328	1.82810514201881
3.2820204234726	0.815655886666951	1.05161993377454	1.89747845002833	2.38873838944277	1.59483737674965	0.658907134604512	0.605114900226783	1.25029496427659	1.38977819141019
3.63595111951072	1.59369649747743	0.728053517601107	1.99660936333375	2.5392558527985	1.66736448359314	0.699018884770257	0.324219195217844	0.903353402015286	2.22122594260988
3.62518829782802	1.05898801465919	0.950704515984478	2.00060758405061	3.09822050030285	1.55007608129426	0.730541476240717	0.610678994618453	1.23999779770126	1.03604695190969
3.81223980343993	1.17234554588572	0.910028664242811	2.27470254091466	3.24128671277709	1.81943552441989	1.14647704109967	0.74549416079327	1.0399589865606	2.24629144328855
3.55105680907756	1.18823344915304	0.855812884738165	2.25386468870347	2.80298210254971	1.53337453139299	0.417634290648107	0.556488359725862	1.16967925650289	1.22899452990507
3.34504264815579	0.995536174351046	1.07611472586442	1.80870696212368	2.46196700137561	1.56176334898973	0.646409398556181	0.700479701681117	1.12396628018169	1.95721795789792
3.43506340733058	1.34461958849129	0.795359661999165	1.88521705263573	2.5491762882827	1.56193606203346	0.61167799366029	0.520509217205449	0.916827867576117	1.16990388319904
3.51488568019731	1.35657582857297	0.928790622139435	1.69883421101825	3.05116614614471	1.51071018446525	0.463367998570149	0.460295977912071	1.12500870370952	1.64756699987237
3.60890682744145	0.940677890974984	1.09508139199806	2.03127464740295	2.53887640334354	1.81782334171814	1.05282934381162	0.766901337973025	1.01203468343432	1.58804132413581
3.30701838237867	0.720770209650496	0.970167684620591	2.12231799106843	2.64336478745128	1.85719642683504	0.701264561272353	0.531010253377488	1.41620080889948	0.567488178464861
3.96281415929294	1.22773624697834	0.924362336502129	2.0932795377031	3.09120366588311	1.83226274484346	0.942837582034835	0.843111527088737	1.16109305668818	2.07988079963228
3.50217849352007	1.10959504606249	0.711286792105705	2.26074842959231	2.81617980406465	1.6267906349302	0.990749713715973	0.735326963518736	1.06221212872328	2.39581632212367
3.76851411175266	1.02977948816847	1.06941806689113	2.17755567012873	3.09018985973302	1.69000509751949	0.628991589222343	0.393443557288965	1.35868671463697	1.56746222454245
3.83179145590133	1.25379845095817	1.06847187867955	1.96093927788813	2.82893285579899	1.81176483417592	0.633345856532342	0.739613138861583	0.783730930393627	1.86614143648968
3.56750737451182	1.28837684854668	1.12626444630996	1.74990890584582	2.25012217550933	1.42036166321374	0.545896044985125	0.386047238583584	1.08632131968654	1.39774926478579
3.73940599284169	1.1180966484089	1.07225221488075	1.85555069377788	2.85881145238566	1.58089384771867	0.934833790096697	0.638478028080675	1.41397397870714	2.0853212979394
4.23160387746401	1.50178103668773	0.989935593132487	2.28747040922675	2.95665601152372	1.65880014562697	0.907152257130659	0.623889204757786	1.17452695915591	1.96554580875085
2.91490797536754	0.92618907976813	0.78491534945927	1.87967839112244	2.62615038887158	1.30847442573038	0.412152174853406	0.331451319946691	0.923939212633017	1.06479839236791
4.16858581465639	1.59168257868157	1.07458667394059	2.04665095817319	2.74239367118898	1.60905246233408	0.378734424296325	0.717018181460766	1.56528368764405	2.54965100565788
3.79040866998328	1.29018266844525	1.09609615759378	1.99924284494654	3.19340247447379	1.65861776848493	0.810217227406348	0.414581321144275	1.23979541990473	2.09923860093045
3.60472554516795	1.11603185419451	0.932979800991335	1.97002557696125	2.74429807643774	1.81627169495187	0.667653684011601	0.648874549047306	1.2230471538686	1.58391944295585
4.0430508178194	1.57880075484499	1.04850649420586	1.98328914621126	3.14386323087548	1.85842960475897	0.498930040225043	0.549844844286974	1.22329618556794	2.12652540585971
3.85803561058635	1.25201648128219	1.03735900550429	2.01048817365941	2.72469555424525	1.63269671874515	0.427098554160451	0.691378118570294	1.58473330024052	1.63486588873997
3.80287633414105	1.42769998505822	0.900574473865846	2.21282360244549	2.47769471653105	1.59413173432055	0.533566195130924	0.606983243104209	1.31273661244918	2.0007877003609
3.70069855778142	1.46158541608705	0.740875404855542	1.98045269325804	2.76598197457641	1.47181928860247	0.680941219118012	0.80256872080747	1.01042648062316	1.57979475196359
3.40544055349182	0.991193461357405	0.818927808530673	2.06466762184818	2.75417272534999	1.71541606214424	1.00273256865241	0.336412972581439	1.28374995568181	1.68880924112771
3.43164943727333	1.08527796999194	1.00273801104166	2.07066929949167	2.76760855307463	1.47591878229932	0.376670680700822	0.242645511554264	1.29942109966314	1.33165054434812
3.15476270573168	0.596681610897863	0.957733317571188	1.80065517230892	2.66521536975262	1.83679083034913	0.906438988189425	1.0067262038777	1.2657221590966	1.81703513512527
3.32612669982357	1.10911055526628	0.774032209850731	1.93085260662757	2.58314984619519	1.56455604066478	0.496724858297629	0.531521981801868	1.04067335220159	1.81735454465114
3.5301372025886	1.20174551040243	0.859666840145893	2.10808583942066	2.75585447690109	1.59364874301943	0.774199220593454	0.386566861060661	1.01438273591496	1.62972068900185
3.29273135659547	0.707007557087023	1.25917718269487	1.72256155906415	2.51068239807266	1.75652077295656	1.00383378192129	0.715966637790893	1.1759853711477	1.23416765514586
3.78923520315582	1.48056533346413	0.970814645632383	1.71241892323084	2.84293389828113	1.68683321562649	0.800412269184261	0.558450273165215	0.980740654126089	1.97754488149207
3.28829442380739	1.06402537546456	0.96890869924223	1.88835564115166	2.88225430950847	1.22106058862465	0.56512921260794	0.718942001036995	1.2017840728127	1.31060186694474
3.49265561037281	1.29345479456035	0.855843846113058	2.15866973791785	2.62609459536102	1.55438685728453	0.386339824594681	0.523609634346228	0.8972433455826	1.07353504726367
4.01253656241157	1.47121333275622	1.09343362062634	2.07251118808688	2.84940546894937	1.87122286257682	0.581050916540479	0.442557484352325	1.23510508212464	1.85428455557944
4.05174157359399	1.65448776883273	0.678396598178204	2.26901042646301	2.43880524579482	1.76147898179679	0.853153145527596	0.581668282129924	1.14727013030355	2.23844073997337
3.1876334245836	0.686066186745795	0.94966346897168	2.09810684634745	2.59671364911977	1.51613209029335	0.662303877355744	0.673484253249141	1.11285313225679	0.792637706427101
3.71576999864031	1.15821243537248	1.03219229188472	1.99707554014638	2.60882522018138	1.47795004293715	0.691115031399936	0.668291897849668	1.00847016065408	1.66076242646305
4.05531462491466	1.32430535531754	1.11842707902661	2.06218171516451	2.63444766775063	1.89771777515949	0.684174737808248	0.493988742159091	1.3002970167698	1.12661987260212
3.22098728371462	0.710888347748539	0.953660578457978	2.02504071701709	2.94850384619581	1.8418114047799	0.602812901271223	0.55507013946792	1.23191305894198	0.989281481007785
3.5248292811258	1.21980000847784	0.88622863472518	1.8381429514968	2.54493938765391	1.7710397197547	0.672498071179922	0.732094017403547	0.939702639937503	0.993110852459253
3.35270926353496	1.05790738476102	0.951408167135695	2.03981382402383	2.45763233284111	1.69707301624737	0.629438008845693	0.556079915667302	0.933972078316627	2.03845908724801
3.14450000975103	1.05906709848926	1.04784085177185	1.54439060854247	2.34995486004673	1.14970094486891	0.393180759911035	0.265116135533419	1.05786753924358	0.201312259338301
3.96205054573807	1.37973600366947	1.25715519487951	1.81325510716725	2.3380336953373	1.61419058412327	0.638755277938379	0.70130834532174	1.21349954856471	1.8346939447475
3.68131521967748	1.25045819185238	1.00559771434773	1.83957108171406	2.71967912528663	1.49227541813945	0.901142753090856	0.717046279557006	1.03454262275426	1.81784537825322
3.97874763061343	1.3418290937679	0.996084660401499	2.06159869816257	3.16319544717783	1.64202925253556	0.924936012996772	0.573771038030891	1.2269725807922	2.49310248099794
3.79696927627457	1.34141763717545	1.04818509677336	1.85360406786777	2.76067501042207	1.48471922004746	0.869630322396007	0.637298237481509	1.2492658437635	1.94760455548865
3.34977987124695	0.988325628966683	1.04139839158925	1.96117498640808	2.70369535511197	1.55105414093216	0.521755826389766	0.352183506086372	0.85892039156118	0.366841492344639
3.81615285513814	1.37320472900088	0.855898694735991	1.93763407877678	2.44896541188523	1.8422654458565	1.09119896773898	0.742643131057842	1.05654322597757	2.03574170255429
3.34211912916284	0.800158351244516	1.06156242756814	1.81927304411439	2.47909848621126	1.91499742155226	0.690757183847754	0.706367383546312	1.11474255848987	1.12013197489257
3.36906787251213	0.92490731297438	0.982964182496073	2.16971347049416	2.44668893561497	1.61799288768533	0.644685731182708	0.587057774474829	0.937933082812903	1.51633371525554
3.34765321466132	0.792918215345377	1.08795101971956	1.92858253600155	2.40709184601646	1.96524800379361	0.99699695579174	0.713374609996797	1.01563425359583	0.985684402329547
3.44487029139792	1.41120706823471	0.556943138561874	2.00210167143198	3.11074104732322	1.56640415864735	0.681544304775996	0.769752900977158	0.815567600956992	2.02316595522004
3.51844408328491	1.11110934414273	1.103973318874	1.70332563845469	2.59037485355902	1.45380218076636	0.627397464631384	0.389372511289117	1.24078189911514	1.43518986417983
3.0516390098068	0.883883996931976	0.995707543673063	1.84740436126386	2.09245720311123	1.30387854250216	0.546618254211059	0.48427445430872	1.24224426578277	1.21047901640155
3.78629510600919	1.49415293574827	1.08564067218624	1.94248618881661	2.40723192882204	1.47579384113557	0.384126652124838	0.380508920556881	0.974626237997129	1.82196168881844
3.12703867448731	0.552454172881327	0.95834076293867	2.10956652222574	2.66916391108143	2.10734830709908	0.901116580149038	0.723748338393226	1.15008796145815	1.09604320225339
3.69224024890269	1.31776903142623	0.821864686151934	2.3260974518048	2.34215537448235	1.41197098871579	0.725570927313195	0.526103951246157	1.01434202356932	1.485410403419
3.00490550975388	0.544954136209798	1.02041370326013	1.85561288010381	2.38539249113709	1.85436626623342	0.697515371591352	0.578578854146675	1.01325021465746	0
3.46370583866827	1.14008455217285	0.829437213130413	2.11409489587432	2.23876603099911	1.79421795795382	0.854930950873429	0.8513671392838	1.18310659346449	1.23606285703611
3.6636408927884	1.07400110920725	1.11965799138303	1.92493046592221	2.94520260987331	1.64959178897064	0.785720277725497	0.777115945445931	0.987041871231791	2.3108535473663
3.98973078867708	1.53035456121466	0.991048197050816	1.96245113214761	2.53139192257517	1.76844062356291	0.873414268347914	0.44340554239023	1.32002850583824	2.26733655062845
3.83142154349326	1.31832700296055	0.973629562753179	2.17936563644144	2.47913579706022	1.4869252025515	0.497043234468401	0.56212042144557	1.17398429521891	1.52244850715341
3.54780499922536	1.16145052887495	0.849011642942612	2.08196015983469	2.76514086915184	1.87698380712508	0.721851406387215	0.658600761186359	0.909765643185903	1.24381022672262
3.43437446577427	1.13482821791113	1.02833427677229	2.07247988572636	2.68228022863927	1.54062651759838	0.618656467224537	0.321957305970953	0.997261818814485	1.7670571874059
3.91939826669139	1.19377537188628	1.24895440519749	1.90143401575524	2.70264879366894	2.07157416173362	0.534405615421818	0.985801096095135	1.06362223870388	1.87789160795997
3.36581912993983	0.885546168511679	0.760744826571979	2.30813673505345	2.56994531582344	1.872203996722	0.910450991076448	0.440072571974164	1.2129930692752	1.74054005577523
3.86442008858633	1.40856872774515	0.985988397035586	1.71291497901612	2.31290731293983	1.37943200663957	0.865619512242053	1.08449056643307	1.15586073374785	1.17044242467334
3.39322797210848	0.996490477971471	0.665355518314516	2.41072673597737	2.66928337348488	1.7611711125709	0.888010680747785	0.584455699306571	1.06286090686294	1.11792989603279
3.51778813359947	0.809425763321755	0.934937179729813	2.34239756185945	2.76430463732728	1.85389327474687	0.722969101103417	1.13809376129046	1.17173734718417	1.59757311660274
3.98055557531193	1.46636703686512	0.872354130656737	2.51931375416399	2.63606671583623	1.6595322901154	0.60428105017746	0.261824944419955	0.884114488464487	1.63848019955763
3.7555598634362	1.28144345303818	1.07211259735332	1.82468116417101	2.72781397254296	1.43838162593732	0.630685871985532	0.459045179565428	1.26511220040592	1.49249056244331
3.32010077207137	0.76349981185373	1.04499400564286	1.7655577613602	2.9585772280953	1.84267968710918	0.645744572703221	0.617421418088872	1.23852324725139	1.64469504048968
3.79836511829513	1.32531057236811	1.00500086251443	1.81615862963292	3.06459633459103	1.83681779257115	0.6971241307116	0.740230434395294	1.31911161133448	2.01229885541253
3.76450319040131	1.47770700642963	0.985795680791038	1.65673686163601	2.52705325558746	1.26168938533421	0.856116045838381	0.469087271439241	1.1730635842669	2.36234834019273
3.34796563430905	1.05430961198265	1.23461546311435	1.48901535812499	2.58139123957136	1.26719689873263	0.643011829768384	0.315285897451663	1.26328706637031	1.03710658687584
4.10338922480415	1.47725146558704	0.872479481061058	2.22125424063061	2.55202426523204	1.93197536859801	0.725191049901542	0.46009961551366	1.34754394062334	1.62778721338647
3.63816998147877	1.22043531389464	0.793523588372809	1.88755743978403	2.44745607245756	1.83066431495067	1.01611630918649	1.09104440990555	1.22488951460083	1.60991366395783
3.5005383167581	0.843459430557269	1.11647785693631	2.00183513810101	2.80002453713922	1.94041234248658	0.71973094739338	0.630869165300924	0.895416752717329	1.35201796543161
3.81884176488007	1.02034821119578	1.38056591456299	1.79369349268014	2.8695162616735	1.99271265002536	0.959921366340811	0.720555172231572	1.15042114712463	1.98356986981678
3.83832052229046	1.74533831766413	0.566961749692498	2.07714500469105	2.28068765474229	1.78275329805204	0.613785910724857	0.444714729672297	1.05595270666692	2.87752442528311
3.4770045677006	1.22045167023816	0.749029067862178	2.25295031794221	2.25669912929446	1.56084206484657	0.885801406709063	0.695972836645969	0.96576102317379	0.819039922677254
4.01596083675825	1.1658646487343	1.07370498226464	2.07136152243629	2.96564248226303	1.97141379821257	1.17539587068865	0.672947670491352	1.40530121296072	2.0986928685489
3.79860308992882	1.18527432887679	0.854601044638736	2.03835831072138	2.97815797727047	1.5455238390732	0.673991050905872	0.752551533171721	1.30660922056555	1.68698932239674
3.78142663419237	1.20084965851576	0.770629442502191	2.16224206299129	2.84718048801938	1.96179308970361	0.904077451853592	0.350671033679666	1.18869295827774	1.74079338845766
3.87798764483778	1.24124941354938	0.848120706599365	2.08116959416574	2.54476262432724	1.59887985528059	0.880091444899384	0.777882825182209	1.14917130832376	2.0208297546953
3.41975948819621	0.95418292443113	0.939082382853805	1.94349292111125	2.99048367614897	1.71435877898714	0.671055509631039	0.582498933784896	1.07796751664241	1.03844893920723
3.40265566571249	0.913812522099011	0.94029971864809	2.06824842507276	2.24720277301985	1.67278956495405	0.856251466769894	0.768868351509361	1.27358204625972	1.60162908282808
3.52543097935214	0.855708100321267	1.04597440264452	1.99398360561028	3.08728560009975	2.06030055996552	0.895085742783248	0.826307600346414	0.985592957868494	0.912016964964058
3.63244464766575	1.06047322792412	1.00940688518846	2.25133218255033	2.61392719771233	1.49649942907754	0.976556670228712	0.494704665482464	1.2489001007618	1.48920297872993
3.85787801296616	1.09119775156311	1.12413530552529	1.7687676245331	2.53575571938663	1.92089621924284	0.93188461344543	0.713817596467434	1.28620173041382	2.08839714104892
3.5524878614128	0.865000256118302	1.4331591195981	1.79713833094746	2.9693468631399	1.49981212308555	0.962089935701259	0.517904476506686	1.06295828956642	1.23910947416098
3.79473915259238	1.11065856877478	1.3377606651294	1.87655989227067	2.72162504509769	1.43509495949931	0.680577326302533	0.649977216010862	1.29834967856166	1.25832964535384
3.61559518595358	1.48867963032862	0.858649782558601	1.94707934749359	2.72861369360446	1.36672316536153	0.370836997449943	0.371816601578061	0.903909598800578	2.29043578322864
3.58181303946281	1.05852004046636	1.06516496737329	1.99550559902181	2.95454214154809	1.737219441844	0.608839982367548	0.431647427601931	1.2738572291594	1.99847943588199
3.84254349763345	1.00991511262657	1.19543472351622	1.87299062224734	2.79786801972246	1.60333985709305	0.856984915023596	1.12871192108177	1.29048951660009	1.68193509174583
4.02565672086458	1.59916804814294	0.48429805792355	2.33247255990286	2.66187740747862	1.74322689555066	0.812703548034688	0.512865415702663	1.15634006097446	1.54716735330198
4.01216913190563	1.65147095013733	0.727442773210928	2.22934280263297	2.85742352933897	1.62024684102267	0.520209275736809	0.289898292922044	1.06062414267169	1.87799947563166
3.27231565380216	1.05688258801995	0.98357489557113	1.81628260623501	2.54767731933221	1.33066689726061	0.527293473452887	0.497951236556389	1.19611533258456	1.22964362090922
3.80257696155453	1.34351691234572	1.08111773490977	1.92765957046718	2.96804930430054	1.42122676038116	0.680964379561151	0.361991017522379	1.31756539841743	1.68660743805371
3.55534014420602	1.23636452972549	0.826278148979408	2.00346949381448	2.76320487838693	1.59920652183057	0.865425251921414	0.665161809052735	1.09120788939555	1.21607233468886
3.36772498277331	0.783929004003264	0.998611875908905	1.99702650766304	3.46590292467616	1.67762689674095	0.768690462648931	0.895624450100525	1.44322238904602	1.10968294393645
3.7077735945906	1.05528289894593	0.99409555355482	2.18647543197773	2.56785526468821	1.56858792934187	0.738511799571288	0.744909863476016	1.02907450789831	1.33071857655934
3.67369444446841	1.10632240835767	1.35304968930091	1.55028831557385	2.65540575554547	1.61081333985372	1.17216649598054	0.672732828111011	0.993656339110595	1.41637186085121
3.71436070298684	0.958428640636956	1.01161958942212	2.12758544295737	2.72156337454023	1.9697885795415	0.615545346798016	0.811037574169833	1.51753150563863	1.27960156110428
3.8751254677386	1.59012750642256	0.865359505167218	2.07375211663176	2.83664134671774	1.35173525946509	0.361350642097381	0.61045690365953	1.05264378899036	1.58159166568304
3.35920847870455	0.961973374661925	0.798401235192104	1.9528522900029	2.34290968529299	1.68784030325222	0.944196281088147	0.497850150122346	0.997659488962086	1.32589642083916
3.72839716503847	1.05352940625108	1.29466596666009	1.89280844477972	2.79177032610001	1.68687172915794	0.915835814962915	0.65117269978437	1.05157120856276	1.76796273164311
3.51540530228388	1.12528647025746	1.21975333987141	1.74944251517334	2.35180881534335	1.39469538637031	0.881175457507859	0.588924501945718	1.11419523798484	1.37175768273245
4.02636633850426	1.46688245314671	1.28859913527275	1.75135128080642	2.76170345412086	1.4892599690826	0.715796503791575	0.375538960823671	1.14979927764417	2.45276560222961
3.48933163812483	1.16604551970792	0.797560197022798	2.08532655456239	2.82057338827337	1.59954042944632	0.783028173460344	0.575181356887266	1.0592170317944	1.82002594293947
3.7076495738601	1.49704457557493	0.970933206372474	1.78396575420068	2.63829438096174	1.32561118792594	0.599988453887429	0.448698759910914	0.993324005236729	0.943802990357798
3.52334957668088	0.946563631269168	0.779128890867452	2.22472229026792	2.92416256578379	1.7621869683264	0.81242134469109	0.704783089563428	1.22551905336802	1.45511257150655
3.63659430357461	1.48989444421346	0.856829396851758	2.09171550009036	2.29578542845962	1.5272668015547	0.47871539883459	0.445264968432221	1.11729892400079	0.970089445531205
3.52195158429398	0.90845151548659	0.710589222139133	2.39476341114661	2.63985703174414	1.91994746914157	0.973391069097227	1.01864061935487	1.04183046027488	1.93568374792153
3.09307575102315	0.811221898220465	0.785674276673606	2.03106665040056	3.0074036644797	1.7157500609008	0.880481302040052	1.05282196381033	1.09867012955339	0.948142543504705
3.90344261336287	1.56260433872168	1.14915430422575	2.01889114465338	2.2347655796867	1.17679566562762	0.6730970039835	0.455516014125751	0.991880264717116	1.50866403728047
3.78290448035229	1.00044712797582	0.885388779945768	2.31290491548669	2.76709945178853	1.82478859269122	1.19759719907962	0.975090106387799	1.20350981157528	2.09875681673944
3.7234614426076	1.22105778582598	0.929530487239781	1.77585582388581	2.9681444177263	1.93329850205179	0.483834228090016	0.667464017773272	1.26980356493754	1.97713605953903
3.33965560453303	0.672066895224455	1.13181961656636	1.9098167668538	2.97171519298346	1.55110033468219	0.663875293706106	0.468032672574808	1.2552661989428	1.73420527519144
3.70019407269809	0.98383766723835	0.873028994158216	1.95497423167644	2.69813655626198	1.79257522302736	1.17227343049766	1.08744482222372	1.32646200243927	1.73221501941409
3.86274482558789	1.50359659727969	0.953734294480548	2.00812575521151	2.20793734654711	1.59880594998151	0.961633250343958	0.66573225069669	0.943079272300341	1.90358931754011
